> Libraries: all NA12878.1 Solexa-3620 Solexa-3623 Solexa-3630 Solexa-5460 g1k-sc-NA12878-CEU-1 g1k-sc-NA12878-CEU-2 g1k-sc-NA12878-WG-1 g1k-sc-NA12878-WG-2
> No. of read-pairs: 10392623 2268054 0 0 1490843 726998 2982970 1217379 1640496 65883
> p0: 36 36 nan nan 36 36 36 36 36 36
> p2.5: 75 214 nan nan 63 121 122 93 92 51
> p25: 133 226 nan nan 78 204 133 180 152 117
> p50: 166 233 nan nan 83 212 140 190 205 204
> p75: 225 239 nan nan 89 220 148 198 277 315
> p97.5: 329 250 nan nan 100 236 162 213 437 414
> p100: 450 449 nan nan 436 439 442 436 450 450
> Mean: 175.741 232.459 nan nan 83.1755 207.565 140.849 183.021 223.704 217.642
> Std: 66.2149 9.4216 nan nan 9.28588 27.1189 10.6662 27.665 93.1305 110.831
> MAPQ minimum: 30
> Insert size interval: [36,450]
36 383 2 0 0 221 52 2 40 2 64
37 435 1 0 0 245 70 3 33 2 81
38 522 1 0 0 309 91 2 43 3 73
39 609 1 0 0 388 81 5 52 3 79
40 701 0 0 0 444 107 3 66 4 77
41 752 0 0 0 492 97 0 76 3 84
42 821 0 0 0 511 106 5 91 0 108
43 868 0 0 0 567 119 5 91 0 86
44 941 1 0 0 584 121 1 119 3 112
45 1018 0 0 0 634 113 2 135 2 132
46 1087 1 0 0 698 135 3 128 2 120
47 1166 2 0 0 744 126 3 153 6 132
48 1373 1 0 0 845 186 2 193 5 141
49 1481 4 0 0 985 157 6 175 12 142
50 1520 0 0 0 998 167 2 215 6 132
51 1684 1 0 0 1146 153 3 207 3 171
52 1793 2 0 0 1197 167 4 271 2 150
53 1819 2 0 0 1201 193 4 250 5 164
54 2059 0 0 0 1452 160 3 287 5 152
55 2408 1 0 0 1733 185 6 316 13 154
56 2606 1 0 0 1900 181 6 349 8 161
57 2647 2 0 0 1968 195 1 328 7 146
58 3152 0 0 0 2351 205 5 382 14 195
59 3320 0 0 0 2530 201 6 401 12 170
60 3539 2 0 0 2733 178 1 437 8 180
61 4020 2 0 0 3233 170 6 448 7 154
62 4106 1 0 0 3208 202 4 503 7 181
63 4975 1 0 0 4070 178 5 505 37 179
64 5522 1 0 0 4551 199 4 528 16 223
65 6246 2 0 0 5233 186 9 562 50 204
66 7270 2 0 0 6252 213 7 548 34 214
67 8629 1 0 0 7508 204 8 628 88 192
68 10568 5 0 0 9375 199 5 687 85 212
69 13026 0 0 0 11865 217 5 657 97 185
70 15584 2 0 0 14320 195 7 626 215 219
71 20313 0 0 0 18768 187 10 692 465 191
72 25441 1 0 0 23642 194 10 726 672 196
73 31051 0 0 0 29019 215 15 728 825 249
74 37092 2 0 0 34794 204 16 771 1081 224
75 42987 1 0 0 40457 207 14 836 1244 228
76 49564 0 0 0 46972 220 20 792 1323 237
77 56412 0 0 0 53573 216 21 824 1530 248
78 61502 1 0 0 58635 190 23 817 1612 224
79 66902 0 0 0 63928 205 28 832 1697 212
80 70903 1 0 0 67794 230 21 862 1741 254
81 74036 2 0 0 70796 225 26 884 1876 227
82 76070 1 0 0 72699 208 31 922 1978 231
83 77692 2 0 0 74268 226 45 920 1981 250
84 77685 1 0 0 74164 214 38 976 2039 253
85 76691 1 0 0 72955 217 40 956 2280 242
86 75630 1 0 0 71820 223 36 967 2352 231
87 72288 1 0 0 68226 211 30 1044 2492 284
88 68265 0 0 0 63950 235 65 997 2749 269
89 64159 2 0 0 59993 253 42 959 2688 222
90 58955 2 0 0 54370 246 60 1078 2946 253
91 52854 3 0 0 48176 217 67 1103 3044 244
92 46399 3 0 0 41759 247 69 1041 3056 224
93 40330 3 0 0 35429 213 87 1098 3243 257
94 34418 0 0 0 29347 270 94 1055 3375 277
95 28385 3 0 0 23353 228 93 1027 3448 233
96 23989 1 0 0 18644 214 117 1045 3678 290
97 19901 1 0 0 14316 257 119 1137 3844 227
98 16836 1 0 0 11063 252 151 1142 3986 241
99 14306 2 0 0 8482 236 154 1140 4017 275
100 12432 1 0 0 6431 250 194 1127 4188 241
101 11245 3 0 0 5207 251 237 1108 4206 233
102 10639 0 0 0 4148 272 231 1220 4497 271
103 9899 4 0 0 3442 248 285 1155 4487 278
104 9723 3 0 0 2966 251 365 1136 4750 252
105 9762 2 0 0 2684 223 448 1195 4953 257
106 9488 1 0 0 2269 261 542 1183 4961 271
107 9506 3 0 0 2178 255 587 1203 5043 237
108 9510 4 0 0 1932 253 720 1197 5196 208
109 9613 1 0 0 1688 282 818 1162 5433 229
110 9638 2 0 0 1463 280 1025 1290 5354 224
111 10065 3 0 0 1374 265 1227 1276 5656 264
112 10308 1 0 0 1201 252 1456 1355 5786 257
113 10645 1 0 0 1066 272 1949 1357 5778 222
114 11237 2 0 0 894 286 2410 1450 5920 275
115 11869 4 0 0 796 280 3072 1458 6010 249
116 12854 1 0 0 655 295 3922 1502 6198 281
117 14096 1 0 0 540 349 5172 1548 6229 257
118 15659 2 0 0 439 329 6828 1504 6311 246
119 17788 3 0 0 283 375 8782 1442 6637 266
120 20356 1 0 0 249 414 11229 1525 6716 222
121 23817 0 0 0 210 364 14790 1544 6689 220
122 27822 1 0 0 166 404 18766 1550 6698 237
123 32794 6 0 0 115 387 23662 1647 6754 223
124 39230 3 0 0 88 394 30101 1599 6783 262
125 45435 3 0 0 46 406 36157 1572 7030 221
126 53085 3 0 0 39 411 43751 1603 7040 238
127 61317 3 0 0 43 405 51814 1613 7194 245
128 69402 2 0 0 33 397 60047 1690 7015 218
129 78520 11 0 0 37 426 68929 1625 7221 271
130 87193 3 0 0 36 382 77670 1660 7182 260
131 95454 6 0 0 21 412 85674 1757 7330 254
132 101857 5 0 0 16 412 92392 1673 7136 223
133 108566 3 0 0 17 431 98861 1682 7325 247
134 113457 3 0 0 16 432 103807 1717 7265 217
135 117948 3 0 0 15 446 108274 1793 7193 224
136 120087 6 0 0 4 415 110193 1775 7469 225
137 121278 3 0 0 8 469 111465 1743 7360 230
138 121287 5 0 0 8 423 111498 1851 7280 222
139 121176 3 0 0 9 456 111131 1898 7446 233
140 119847 2 0 0 5 508 109903 1916 7290 223
141 117286 5 0 0 13 495 106976 2091 7496 210
142 114775 5 0 0 10 524 104316 2125 7591 204
143 111458 6 0 0 5 555 100992 2186 7497 217
144 107658 6 0 0 8 583 97345 2151 7333 232
145 103746 3 0 0 6 576 93323 2242 7378 218
146 100038 5 0 0 4 536 89515 2181 7611 186
147 95658 4 0 0 2 555 85329 2211 7358 199
148 91697 1 0 0 2 607 81016 2283 7588 200
149 86625 5 0 0 0 583 76095 2196 7531 215
150 81746 3 0 0 2 546 71134 2387 7472 202
151 77104 5 0 0 3 646 66498 2327 7438 187
152 72130 3 0 0 2 609 61420 2348 7539 209
153 67146 4 0 0 1 616 56254 2409 7666 196
154 61809 4 0 0 0 630 51080 2372 7527 196
155 57694 6 0 0 0 616 46723 2462 7709 178
156 52772 7 0 0 1 627 41506 2566 7871 194
157 48229 10 0 0 0 671 37013 2672 7658 205
158 44088 3 0 0 0 682 32689 2622 7901 191
159 39667 6 0 0 0 688 28416 2775 7587 195
160 35414 8 0 0 0 664 24113 2729 7718 182
161 31894 2 0 0 0 705 20459 2859 7681 188
162 28973 6 0 0 2 702 17321 2941 7806 195
163 25995 7 0 0 1 695 14294 3082 7758 158
164 23577 9 0 0 0 691 11603 3190 7908 176
165 21848 8 0 0 1 749 9607 3494 7798 191
166 20371 3 0 0 1 760 7930 3723 7779 175
167 19031 4 0 0 1 798 6089 4035 7945 159
168 18106 5 0 0 1 834 4836 4596 7638 196
169 17487 7 0 0 1 813 3736 4965 7806 159
170 17762 9 0 0 2 847 2971 5617 8150 166
171 17680 4 0 0 1 880 2356 6446 7831 162
172 17919 9 0 0 1 886 1803 7357 7672 191
173 18785 9 0 0 0 895 1353 8581 7779 168
174 19644 10 0 0 0 886 1062 9763 7743 180
175 21396 16 0 0 1 947 826 11521 7940 145
176 22977 9 0 0 0 981 585 13307 7902 193
177 24702 12 0 0 1 981 483 15219 7841 165
178 26490 18 0 0 1 1042 356 16951 7979 143
179 28619 18 0 0 0 1049 267 19350 7782 153
180 31176 17 0 0 0 1127 204 21793 7872 163
181 32902 24 0 0 0 1111 183 23780 7655 149
182 35764 17 0 0 0 1173 125 26495 7782 172
183 38294 17 0 0 0 1293 106 28915 7812 151
184 40628 32 0 0 0 1368 96 31191 7797 144
185 42747 24 0 0 0 1517 67 33234 7746 159
186 43941 31 0 0 0 1664 50 34377 7650 169
187 45831 30 0 0 1 1770 51 36109 7708 162
188 47435 40 0 0 0 2100 40 37431 7650 174
189 48664 37 0 0 0 2295 26 38421 7744 141
190 49239 41 0 0 0 2688 15 38564 7772 159
191 49313 68 0 0 1 3068 10 38434 7572 160
192 49763 72 0 0 0 3617 7 38334 7613 120
193 50085 65 0 0 0 4107 7 38013 7737 156
194 50021 113 0 0 1 4765 2 37328 7663 149
195 49211 127 0 0 1 5668 6 35866 7408 135
196 48763 160 0 0 0 6356 6 34582 7524 135
197 48262 177 0 0 0 7310 6 33123 7492 154
198 47412 235 0 0 0 8403 8 31193 7429 144
199 47594 312 0 0 0 9654 7 30101 7366 154
200 46527 364 0 0 0 10890 3 27935 7209 126
201 46520 625 0 0 0 12303 5 26092 7361 134
202 45917 768 0 0 0 13616 5 24109 7293 126
203 45489 1069 0 0 1 15032 3 22116 7142 126
204 44977 1356 0 0 1 16398 3 19949 7139 131
205 45484 1833 0 0 0 18085 6 18310 7119 131
206 45193 2343 0 0 0 19185 2 16366 7166 131
207 45020 2939 0 0 0 20475 0 14535 6946 125
208 46184 3833 0 0 0 21644 2 13307 7277 121
209 46145 4668 0 0 0 22748 7 11507 7092 123
210 46459 5891 0 0 1 23394 1 10139 6907 126
211 47478 7433 0 0 0 24181 5 8706 7044 109
212 48181 9162 0 0 0 24573 5 7450 6853 138
213 49764 11247 0 0 0 24839 5 6651 6893 129
214 50982 13616 0 0 0 24872 4 5554 6803 133
215 52611 16577 0 0 1 24657 2 4549 6720 105
216 54547 19860 0 0 0 24326 4 3684 6553 120
217 57058 23413 0 0 0 23674 6 3047 6819 99
218 59839 27683 0 0 0 22908 3 2509 6612 124
219 63130 32500 0 0 1 21835 5 2021 6657 111
220 66670 37226 0 0 2 21114 4 1559 6667 98
221 70465 43459 0 0 2 19162 2 1171 6559 110
222 74180 48674 0 0 0 17975 2 945 6476 108
223 78303 54215 0 0 0 16808 1 771 6393 115
224 82822 60599 0 0 0 15052 1 589 6489 92
225 87753 67143 0 0 1 13573 1 411 6508 116
226 91751 72906 0 0 0 12048 3 334 6357 103
227 96156 78612 0 0 0 10835 1 281 6330 97
228 99875 83689 0 0 0 9536 3 215 6321 111
229 103018 88244 0 0 1 8239 0 147 6282 105
230 105784 92205 0 0 0 7073 0 156 6253 97
231 108335 95778 0 0 0 6037 1 93 6319 107
232 108605 97118 0 0 1 5184 2 106 6103 91
233 108640 98184 0 0 1 4367 3 74 5910 101
234 107418 97763 0 0 0 3449 0 74 6056 76
235 105530 96533 0 0 0 2892 3 66 5937 99
236 102715 94030 0 0 1 2473 0 58 6059 94
237 98899 90714 0 0 1 2066 0 46 5977 95
238 94299 86556 0 0 0 1716 1 27 5914 85
239 88262 80863 0 0 1 1339 1 31 5938 89
240 82316 75203 0 0 1 1051 0 40 5924 97
241 75525 68694 0 0 0 915 3 18 5809 86
242 68368 61874 0 0 0 773 1 23 5624 73
243 61381 54926 0 0 1 695 0 26 5643 90
244 54043 47718 0 0 0 529 0 29 5681 86
245 47123 41019 0 0 0 457 0 24 5541 82
246 40626 34550 0 0 0 404 0 28 5560 84
247 35339 29374 0 0 0 336 1 29 5502 97
248 29178 23356 0 0 0 271 0 33 5434 84
249 24904 19155 0 0 0 235 1 26 5406 81
250 20787 15090 0 0 0 225 0 19 5366 87
251 17142 11565 0 0 0 186 0 19 5292 80
252 14181 8588 0 0 1 174 1 10 5322 85
253 12020 6599 0 0 0 131 1 10 5199 80
254 9977 4681 0 0 0 113 1 10 5089 83
255 8754 3364 0 0 0 105 1 15 5187 82
256 7889 2426 0 0 0 83 1 3 5288 88
257 6996 1671 0 0 0 103 0 4 5148 70
258 6284 1112 0 0 0 81 0 9 4994 88
259 5982 790 0 0 0 72 1 7 5040 72
260 5783 525 0 0 0 71 1 10 5099 77
261 5446 369 0 0 0 65 0 12 4913 87
262 5316 230 0 0 0 64 0 7 4934 81
263 5273 184 0 0 0 68 1 2 4941 77
264 5051 146 0 0 1 97 0 9 4721 77
265 4990 102 0 0 0 103 1 10 4695 79
266 4868 79 0 0 0 76 0 9 4625 79
267 4863 70 0 0 1 63 0 8 4632 89
268 4829 45 0 0 0 58 0 7 4641 78
269 4784 40 0 0 0 51 0 12 4609 72
270 4695 46 0 0 0 47 0 6 4506 90
271 4638 41 0 0 0 62 1 9 4452 73
272 4679 33 0 0 0 94 1 5 4456 90
273 4686 42 0 0 0 102 2 13 4462 65
274 4579 28 0 0 0 112 0 10 4349 80
275 4525 30 0 0 0 53 0 8 4354 80
276 4448 32 0 0 0 58 0 14 4242 102
277 4403 40 0 0 0 46 0 7 4234 76
278 4331 28 0 0 0 42 1 7 4145 108
279 4441 28 0 0 0 34 0 6 4261 112
280 4321 11 0 0 0 41 0 7 4107 155
281 4337 13 0 0 0 48 0 5 4130 141
282 4234 11 0 0 0 42 0 5 4026 150
283 4267 10 0 0 0 57 1 9 4029 161
284 4058 5 0 0 0 41 1 4 3833 174
285 4127 10 0 0 0 35 1 9 3889 183
286 4104 8 0 0 0 44 1 9 3859 183
287 4092 12 0 0 0 44 1 8 3812 215
288 4086 11 0 0 1 41 0 6 3807 220
289 3934 2 0 0 1 42 1 8 3596 284
290 4006 3 0 0 1 37 0 7 3684 274
291 3857 8 0 0 0 43 1 12 3556 237
292 3815 5 0 0 0 38 0 4 3511 257
293 3882 5 0 0 0 40 1 1 3569 266
294 3769 10 0 0 0 47 0 5 3407 300
295 3686 6 0 0 0 46 0 6 3347 281
296 3662 4 0 0 0 40 0 5 3274 339
297 3656 3 0 0 0 44 2 5 3317 285
298 3707 7 0 0 0 46 0 6 3316 332
299 3562 6 0 0 0 38 1 8 3191 318
300 3540 4 0 0 0 43 3 4 3217 269
301 3579 9 0 0 1 42 1 5 3199 322
302 3477 4 0 0 0 33 0 5 3123 312
303 3469 4 0 0 0 37 0 6 3114 308
304 3480 8 0 0 0 50 0 4 3145 273
305 3278 4 0 0 0 46 0 4 2948 276
306 3353 5 0 0 0 38 1 3 3011 295
307 3374 8 0 0 0 36 0 7 3012 311
308 3266 4 0 0 1 41 0 3 2910 307
309 3205 5 0 0 1 38 1 6 2853 301
310 3174 6 0 0 0 33 0 2 2812 321
311 3091 4 0 0 0 29 3 5 2793 257
312 3034 1 0 0 0 23 0 6 2709 295
313 3059 1 0 0 1 35 0 5 2721 296
314 2981 1 0 0 0 24 1 8 2664 283
315 3048 3 0 0 0 39 1 3 2742 260
316 2848 2 0 0 0 41 0 2 2531 272
317 2848 4 0 0 0 45 0 5 2527 267
318 2846 4 0 0 0 28 1 4 2548 261
319 2676 7 0 0 1 23 0 7 2379 259
320 2817 1 0 0 1 33 0 1 2515 266
321 2656 3 0 0 0 34 0 3 2395 221
322 2657 2 0 0 0 35 0 3 2381 236
323 2645 0 0 0 0 26 1 1 2367 250
324 2664 1 0 0 0 28 1 5 2399 230
325 2514 0 0 0 0 30 0 3 2273 208
326 2550 0 0 0 0 23 0 2 2291 234
327 2543 2 0 0 0 21 0 1 2305 214
328 2437 4 0 0 0 27 0 2 2172 232
329 2432 3 0 0 1 20 0 2 2162 244
330 2380 2 0 0 0 23 1 2 2151 201
331 2405 0 0 0 0 26 0 3 2132 244
332 2348 0 0 0 0 22 0 3 2113 210
333 2372 4 0 0 1 26 0 3 2143 195
334 2294 3 0 0 1 16 0 3 2055 216
335 2276 2 0 0 0 26 0 0 2050 198
336 2286 1 0 0 0 19 0 1 2060 205
337 2168 1 0 0 0 16 0 1 1959 191
338 2220 2 0 0 0 17 0 1 2002 198
339 2232 1 0 0 0 27 0 2 1982 220
340 2227 3 0 0 0 18 0 1 1966 239
341 2036 1 0 0 0 17 2 1 1814 201
342 2130 4 0 0 0 11 1 1 1933 180
343 2094 2 0 0 0 20 0 1 1893 178
344 2059 4 0 0 0 15 1 0 1876 163
345 2060 2 0 0 0 21 2 4 1854 177
346 2039 2 0 0 0 17 0 2 1849 169
347 2083 3 0 0 0 24 0 1 1897 158
348 1983 0 0 0 0 19 0 0 1822 142
349 1960 1 0 0 0 18 0 1 1811 129
350 1954 1 0 0 0 13 0 0 1738 202
351 1977 1 0 0 0 20 1 0 1777 178
352 1872 1 0 0 0 8 0 1 1700 162
353 1887 2 0 0 0 14 0 1 1721 149
354 1904 3 0 0 0 13 2 0 1713 173
355 1897 2 0 0 0 12 0 2 1710 171
356 1796 2 0 0 0 10 2 2 1612 168
357 1840 0 0 0 0 10 0 0 1689 141
358 1881 2 0 0 0 6 1 1 1699 172
359 1835 1 0 0 0 14 0 0 1670 150
360 1739 3 0 0 0 7 0 0 1598 131
361 1864 0 0 0 1 10 0 0 1695 158
362 1841 3 0 0 0 15 1 1 1673 148
363 1731 1 0 0 0 8 0 0 1599 123
364 1762 2 0 0 1 4 1 2 1618 134
365 1742 1 0 0 0 7 2 1 1599 132
366 1786 2 0 0 0 11 0 0 1653 120
367 1784 0 0 0 0 7 0 1 1656 120
368 1718 2 0 0 0 11 0 1 1576 128
369 1729 1 0 0 0 10 0 0 1596 122
370 1718 1 0 0 0 10 0 1 1565 141
371 1712 0 0 0 0 7 0 0 1577 128
372 1753 1 0 0 0 7 0 2 1613 130
373 1746 0 0 0 1 4 0 3 1626 112
374 1753 0 0 0 0 7 0 0 1623 123
375 1709 1 0 0 0 4 0 0 1609 95
376 1674 0 0 0 0 3 0 0 1559 112
377 1761 2 0 0 0 3 0 1 1639 116
378 1658 2 0 0 0 3 0 0 1518 135
379 1671 1 0 0 0 6 0 1 1556 107
380 1747 1 0 0 0 2 0 1 1618 125
381 1674 1 0 0 0 5 0 0 1565 103
382 1694 0 0 0 0 8 0 2 1579 105
383 1697 1 0 0 0 6 0 0 1566 124
384 1704 2 0 0 0 4 0 0 1573 125
385 1744 1 0 0 0 4 0 1 1633 105
386 1701 0 0 0 0 3 0 0 1604 94
387 1745 0 0 0 0 3 0 1 1626 115
388 1781 1 0 0 0 5 2 2 1674 97
389 1795 0 0 0 0 4 2 0 1693 96
390 1747 1 0 0 0 3 0 1 1637 105
391 1719 4 0 0 0 3 0 0 1604 108
392 1865 4 0 0 0 3 0 1 1762 95
393 1797 2 0 0 0 3 0 1 1709 82
394 1748 0 0 0 1 3 0 0 1645 99
395 1888 0 0 0 1 3 0 2 1790 92
396 1790 0 0 0 0 2 0 0 1702 86
397 1826 1 0 0 0 0 1 0 1727 97
398 1881 1 0 0 0 1 0 0 1779 100
399 1803 0 0 0 1 0 0 0 1719 83
400 1828 2 0 0 0 4 0 0 1736 86
401 1898 2 0 0 0 3 0 0 1796 97
402 1975 1 0 0 0 2 0 0 1882 90
403 1778 0 0 0 1 1 0 0 1703 73
404 1989 2 0 0 0 0 0 0 1900 87
405 1928 0 0 0 0 1 0 0 1835 92
406 2036 0 0 0 1 1 0 0 1945 89
407 2009 1 0 0 0 1 0 0 1920 87
408 2024 0 0 0 0 1 0 0 1957 66
409 2004 0 0 0 1 1 0 0 1940 62
410 2033 1 0 0 0 3 0 0 1953 76
411 2121 1 0 0 0 1 1 0 2030 88
412 2055 1 0 0 0 0 0 0 1986 68
413 2083 1 0 0 0 3 2 0 2003 74
414 2209 0 0 0 0 1 0 2 2130 76
415 2169 2 0 0 0 0 0 0 2089 78
416 2230 0 0 0 0 3 2 0 2157 68
417 2348 0 0 0 0 1 1 1 2266 79
418 2336 0 0 0 0 1 0 0 2254 81
419 2266 0 0 0 0 1 0 1 2187 77
420 2310 0 0 0 0 4 0 2 2242 62
421 2328 0 0 0 0 0 0 0 2267 61
422 2333 0 0 0 0 1 2 0 2264 66
423 2367 0 0 0 0 2 0 0 2305 60
424 2421 0 0 0 0 1 1 0 2355 64
425 2458 0 0 0 0 0 0 0 2393 65
426 2503 0 0 0 0 0 0 0 2454 49
427 2430 0 0 0 0 0 0 0 2380 50
428 2496 0 0 0 0 0 2 0 2440 54
429 2535 0 0 0 1 1 0 0 2478 55
430 2557 1 0 0 0 0 0 0 2498 58
431 2554 0 0 0 0 1 1 0 2498 54
432 2647 0 0 0 0 0 1 0 2591 55
433 2674 1 0 0 1 0 0 1 2636 35
434 2761 0 0 0 0 0 0 0 2723 38
435 2563 0 0 0 0 0 0 0 2533 30
436 2689 1 0 0 1 1 0 1 2660 25
437 2674 0 0 0 0 0 0 0 2638 36
438 2767 1 0 0 0 0 1 0 2738 27
439 2942 1 0 0 0 2 0 0 2908 31
440 2817 0 0 0 0 0 0 0 2790 27
441 2914 1 0 0 0 0 0 0 2894 19
442 2974 0 0 0 0 0 3 0 2948 23
443 2883 0 0 0 0 0 0 0 2862 21
444 3102 0 0 0 0 0 0 0 3077 25
445 3143 0 0 0 0 0 0 0 3122 21
446 3045 0 0 0 0 0 0 0 3026 19
447 3190 0 0 0 0 0 0 0 3176 14
448 3193 1 0 0 0 0 0 0 3174 18
449 3247 1 0 0 0 0 0 0 3225 21
450 3313 0 0 0 0 0 0 0 3301 12
