22	16293073	16293103
22	16337945	16337989
22	16383698	16383737
22	16386295	16386345
22	16640254	16640296
22	16873037	16873068
22	16950535	16950580
22	17009866	17009944
22	17139973	17140002
22	17149981	17150025
22	17277233	17277262
22	17292898	17292931
22	17294176	17294216
22	17307483	17307516
22	17321101	17321137
22	17367073	17367107
22	17556599	17556629
22	17678131	17678171
22	17757344	17757373
22	17840090	17840119
22	17842053	17842089
22	18068378	18068429
22	18477435	18477469
22	18487676	18487717
22	18687952	18688000
22	18828195	18828223
22	18991355	18991384
22	19286257	19286286
22	19316135	19316170
22	19705390	19705420
22	19897013	19897503
22	19953663	19953694
22	19978148	19978177
22	20015299	20015337
22	20218916	20218956
22	20325297	20325336
22	20494176	20494205
22	20664998	20665027
22	20689877	20689925
22	20853375	20853405
22	20895528	20895573
22	20920862	20920898
22	21093626	21093662
22	21248471	21248503
22	21268322	21268353
22	21280387	21280418
22	21316430	21316484
22	21374867	21374897
22	21419260	21419292
22	21443140	21443172
22	21489626	21489656
22	21578668	21578705
22	21705234	21705263
22	21727540	21727569
22	21878230	21878279
22	22235536	22235579
22	22267276	22267358
22	22402767	22402818
22	22402831	22402870
22	22605754	22605805
22	22646554	22646611
22	22771729	22771762
22	22910045	22910078
22	22927313	22927400
22	23234454	23234483
22	23276775	23276871
22	23418068	23418120
22	23423689	23423736
22	23512284	23512313
22	23575977	23576017
22	23844395	23845196
22	23890425	23890458
22	23921772	23921814
22	23940976	23941042
22	24000053	24000088
22	24258985	24259027
22	24352329	24352370
22	24352487	24352577
22	24357959	24358159
22	24358395	24358615
22	24575162	24575192
22	25123450	25123483
22	25124643	25124679
22	25304848	25304880
22	25419331	25419368
22	25455309	25455339
22	25457905	25457966
22	25464390	25464422
22	25625048	25625100
22	25709818	25709849
22	25726285	25726314
22	25771717	25771766
22	25774073	25774110
22	25830199	25830235
22	25948905	25948934
22	26013503	26013534
22	26025575	26025605
22	26042988	26043030
22	26139028	26139071
22	26151859	26151889
22	26359080	26359145
22	26366073	26366134
22	26366106	26366143
22	26395484	26395552
22	26395495	26395629
22	26524598	26524630
22	26553361	26553400
22	26616477	26616516
22	26647999	26648045
22	26710063	26710092
22	26957056	26957120
22	26971962	26972019
22	27007415	27007447
22	27094571	27094614
22	27132713	27132775
22	27213718	27213750
22	27363214	27363290
22	27363369	27363398
22	27372459	27372594
22	27416363	27416401
22	27488105	27488138
22	27572210	27572243
22	27642591	27642625
22	27826166	27826195
22	27939557	27939626
22	27985022	27985238
22	28075385	28075413
22	28195613	28195661
22	28251363	28251413
22	28367690	28367719
22	28367711	28367769
22	28428164	28428251
22	28622395	28622426
22	28797103	28797134
22	29024901	29024971
22	29082144	29082177
22	29118528	29118572
22	29130450	29130487
22	29166345	29166383
22	29208942	29208972
22	29268904	29268948
22	29602509	29602544
22	29708582	29708615
22	29716440	29716469
22	29804001	29804030
22	29815792	29815824
22	29863605	29863637
22	29937175	29937207
22	30155333	30155363
22	30389502	30389535
22	30648985	30649014
22	30776708	30776738
22	30797476	30797517
22	30916205	30916235
22	30963650	30963688
22	31069583	31069619
22	31207295	31207350
22	31250178	31250225
22	31250171	31250223
22	31265483	31265538
22	31298098	31298139
22	31585173	31585208
22	31593711	31593748
22	31761426	31761462
22	31893642	31893683
22	31975117	31975146
22	32164062	32164092
22	32212402	32212432
22	32269593	32269623
22	32303356	32303391
22	32449345	32449404
22	32473293	32473325
22	32549077	32549106
22	32566625	32566654
22	32609494	32609558
22	32720205	32720238
22	32767777	32767818
22	33540931	33540971
22	33988039	33988088
22	34015542	34015573
22	34118238	34118342
22	34173672	34173727
22	34305506	34305535
22	34448893	34448926
22	34508899	34508930
22	34514655	34514686
22	34600874	34600924
22	34627749	34627786
22	34749612	34749674
22	34749737	34749774
22	34863972	34864010
22	34865499	34865573
22	34984388	34984428
22	35096097	35096126
22	35111597	35111904
22	35153742	35153771
22	35195411	35195440
22	35198951	35198993
22	35221652	35221684
22	35348449	35348488
22	35693813	35693851
22	35799923	35799953
22	35856657	35856690
22	35893465	35893501
22	36014621	36014663
22	36242248	36242361
22	36295168	36295250
22	36595837	36595872
22	36598774	36598810
22	36672524	36672554
22	36759502	36759543
22	36850681	36850730
22	37076094	37076129
22	37076173	37076504
22	37076728	37076816
22	37087248	37087277
22	37145811	37145866
22	37248493	37248521
22	37456904	37456942
22	37467925	37469232
22	37580500	37580610
22	37602763	37602798
22	37651892	37651922
22	37690185	37690335
22	37704509	37704589
22	37907508	37907550
22	38051500	38051548
22	38055134	38055173
22	38066905	38066945
22	38107585	38107625
22	38282206	38282257
22	38473916	38473963
22	38516471	38516547
22	38542768	38542802
22	38576871	38576902
22	38746881	38746947
22	38897782	38897814
22	39059708	39059742
22	39187527	39187575
22	39200622	39200667
22	39330430	39330462
22	39369975	39370019
22	39389519	39389612
22	39400344	39400392
22	39465472	39465510
22	39475305	39475339
22	39512134	39512164
22	39553370	39553408
22	39560201	39560240
22	39863647	39863703
22	40051486	40051518
22	40082065	40082098
22	40099587	40099631
22	40107926	40108026
22	40108027	40108322
22	40166948	40166977
22	40454400	40454461
22	40459675	40459724
22	40547848	40547895
22	40761260	40761290
22	41096909	41096939
22	41112850	41112882
22	41200558	41200587
22	41212203	41212248
22	41301071	41301100
22	41323879	41323913
22	41537668	41537697
22	41561880	41561913
22	41586193	41586227
22	41706671	41706729
22	41775898	41775951
22	41809596	41809635
22	41940357	41940393
22	41986585	41986632
22	42022628	42022659
22	42198918	42198960
22	42644698	42644736
22	42754782	42754823
22	42792928	42792974
22	42892285	42892314
22	42926342	42926425
22	43056937	43056978
22	43064476	43064520
22	43065003	43065058
22	43099240	43099280
22	43156668	43156696
22	43165294	43165322
22	43219494	43219524
22	43270488	43270522
22	43521738	43521772
22	43588539	43588639
22	43602283	43602333
22	43630325	43630354
22	43808176	43808226
22	43900840	43900892
22	44133469	44133562
22	44195344	44195374
22	44249026	44249092
22	44337166	44337213
22	44424185	44424217
22	44490224	44490277
22	44540691	44540725
22	44817034	44817067
22	44856380	44856411
22	44890530	44890587
22	45029537	45029570
22	45038189	45038245
22	45038189	45038237
22	45088042	45088482
22	45121519	45121561
22	45127070	45127241
22	45157098	45157166
22	45185019	45185048
22	45381956	45382010
22	45382680	45382710
22	45476137	45476381
22	45643430	45643463
22	45817374	45817468
22	45898639	45898684
22	46175269	46175300
22	46286279	46286748
22	46607893	46607968
22	46610179	46610232
22	46610629	46610694
22	46667505	46667536
22	46686445	46686520
22	46744123	46744152
22	46761726	46762085
22	46843142	46843172
22	47010822	47013411
22	47131909	47131968
22	47213256	47213286
22	47246538	47246567
22	47303474	47303539
22	47337752	47337808
22	47399275	47399329
22	47570243	47570322
22	47641164	47641211
22	47731732	47731769
22	47774945	47775132
22	48007407	48007476
22	48007738	48007785
22	48050316	48050464
22	48131566	48131597
22	48158275	48158401
22	48223594	48223628
22	48238592	48238627
22	48377440	48377559
22	48488329	48488363
22	48496133	48496191
22	48508627	48508687
22	48608542	48608842
22	48643343	48643372
22	48665048	48665108
22	48734987	48735016
22	48822039	48822084
22	48880310	48880347
22	49029984	49030022
22	49093453	49093506
22	49094200	49094294
22	49243885	49243915
22	49246117	49246242
22	49278244	49278344
22	49283227	49283258
22	49294662	49294702
22	49387850	49388302
22	49424632	49424668
22	49469572	49469610
22	49469572	49469617
22	49469698	49469794
22	49481639	49481667
22	49706167	49706201
22	49735950	49735983
22	49849763	49849806
22	49865571	49865600
22	49894273	49894333
22	49894862	49894959
22	49899013	49899051
22	49989159	49989712
22	50023167	50023197
22	50067115	50067330
22	50139230	50139269
22	50316390	50316596
22	50437154	50437210
22	50469403	50469436
22	50573422	50573460
22	50680734	50680777
22	50751963	50752054
22	50782088	50784952
22	50828397	50828438
22	51069928	51069960
22	51079264	51079292
22	51122181	51122304
